year pnro price n
2011 00100 5413.0 417
2011 00120 5581.0 138
2011 00130 6646.0 19
2011 00140 6262.0 212
2011 00150 5704.0 296
2011 00160 5932.0 42
2011 00170 5747.0 136
2011 00180 5459.0 206
2011 00200 4576.0 434
2011 00210 4747.0 143
2011 00250 4953.0 307
2011 00260 5322.0 155
2011 00270 4686.0 208
2011 00280 4394.0 74
2011 00300 4424.0 32
2011 00310 3352.0 21
2011 00320 3829.0 323
2011 00330 4609.0 151
2011 00340 3670.0 16
2011 00350 3718.0 137
2011 00360 3043.0 67
2011 00370 3173.0 88
2011 00390 2785.0 86
2011 00400 3286.0 236
2011 00410 2647.0 15
2011 00420 2683.0 225
2011 00430 3175.0 16
2011 00440 3345.0 96
2011 00500 4349.0 454
2011 00510 4260.0 349
2011 00520 3906.0 114
2011 00530 4510.0 525
2011 00550 3957.0 198
2011 00560 4490.0 138
2011 00570 3873.0 80
2011 00600 2848.0 27
2011 00610 3962.0 130
2011 00620 3048.0 69
2011 00630 2844.0 126
2011 00640 2985.0 166
2011 00650 3212.0 25
2011 00660 3455.0 55
2011 00670 3601.0 55
2011 00680 3282.0 28
2011 00700 3072.0 105
2011 00710 2484.0 154
2011 00720 2961.0 128
2011 00730 3146.0 117
2011 00740 2714.0 84
2011 00750 2489.0 67
2011 00760 2739.0 87
2011 00770 2050.0 53
2011 00780 3213.0 81
2011 00790 3675.0 85
2011 00800 3421.0 84
2011 00810 3799.0 84
2011 00820 2737.0 163
2011 00830 3447.0 19
2011 00840 3093.0 147
2011 00870 2643.0 27
2011 00900 2584.0 87
2011 00910 3045.0 170
2011 00920 2379.0 136
2011 00930 2887.0 30
2011 00940 2365.0 214
2011 00950 3202.0 41
2011 00960 2613.0 107
2011 00970 2471.0 126
2011 00980 2854.0 162
2011 00990 3956.0 171
2011 01150 2479.0 41
2011 01200 2244.0 164
2011 01230 2550.0 40
2011 01260 2551.0 27
2011 01280 2488.0 164
2011 01300 2802.0 387
2011 01350 2389.0 131
2011 01360 2125.0 231
2011 01370 2734.0 63
2011 01380 2910.0 11
2011 01390 2882.0 61
2011 01400 2799.0 27
2011 01450 2512.0 246
2011 01480 2159.0 90
2011 01490 2678.0 18
2011 01510 3446.0 52
2011 01520 3388.0 136
2011 01600 2526.0 339
2011 01610 2554.0 121
2011 01620 2277.0 225
2011 01630 2923.0 31
2011 01640 3066.0 31
2011 01650 2092.0 72
2011 01660 2685.0 16
2011 01670 2713.0 49
2011 01690 3201.0 29
2011 01710 2525.0 176
2011 01730 1908.0 29
2011 01800 2301.0 92
2011 01820 2302.0 53
2011 01840 2392.0 32
2011 01900 2053.0 86
2011 02100 3939.0 90
2011 02110 3955.0 69
2011 02120 3651.0 86
2011 02130 3601.0 94
2011 02140 3017.0 41
2011 02150 3383.0 12
2011 02160 4261.0 29
2011 02170 3789.0 100
2011 02180 3590.0 85
2011 02200 3379.0 166
2011 02210 2951.0 250
2011 02230 3295.0 243
2011 02240 3645.0 13
2011 02260 2693.0 67
2011 02270 3188.0 25
2011 02280 3233.0 56
2011 02300 3240.0 15
2011 02320 2867.0 353
2011 02330 3525.0 47
2011 02340 3013.0 93
2011 02360 2500.0 153
2011 02400 2168.0 171
2011 02410 1527.0 9
2011 02420 2212.0 11
2011 02430 2418.0 64
2011 02450 2924.0 22
2011 02460 1837.0 24
2011 02480 2537.0 19
2011 02580 2192.0 17
2011 02600 3428.0 124
2011 02610 3554.0 71
2011 02620 2485.0 70
2011 02630 3134.0 49
2011 02650 3043.0 262
2011 02660 3382.0 28
2011 02700 3711.0 76
2011 02710 2600.0 105
2011 02720 2913.0 16
2011 02730 3127.0 22
2011 02740 3259.0 16
2011 02750 3346.0 77
2011 02760 2632.0 257
2011 02770 2686.0 79
2011 02780 2763.0 54
2011 02810 2924.0 8
2011 02880 2439.0 60
2011 02920 2893.0 41
2011 02940 3022.0 123
2011 02970 2910.0 15
2011 03100 2104.0 293
2011 03250 1889.0 19
2011 03400 1918.0 51
2011 03600 1558.0 95
2011 03620 1510.0 6
2011 03850 1335.0 6
2011 04130 2386.0 64
2011 04200 2415.0 214
2011 04220 2554.0 38
2011 04230 2189.0 138
2011 04250 2564.0 78
2011 04260 2099.0 72
2011 04300 2536.0 98
2011 04310 2674.0 22
2011 04320 2231.0 105
2011 04330 2472.0 18
2011 04340 2091.0 34
2011 04400 2489.0 235
2011 04410 2274.0 179
2011 04420 2536.0 54
2011 04430 2607.0 115
2011 04440 1908.0 44
2011 04460 2275.0 26
2011 04500 2000.0 20
2011 04600 1869.0 137
2011 04620 2128.0 14
2011 05100 1756.0 9
2011 05200 1865.0 37
2011 05400 2139.0 52
2011 05460 1965.0 60
2011 05800 1920.0 231
2011 05810 2279.0 68
2011 05820 1763.0 45
2011 05830 2073.0 107
2011 05840 1927.0 66
2011 05860 1596.0 15
2011 05880 1547.0 50
2011 05900 1892.0 86
2011 06100 2656.0 269
2011 06150 2155.0 68
2011 06400 2095.0 69
2011 06450 1802.0 49
2011 06530 2056.0 12
2011 07230 2145.0 10
2011 07900 1669.0 41
2011 07910 1002.0 9
2011 07920 1305.0 14
2011 07940 1152.0 9
2011 08100 2219.0 139
2011 08150 2281.0 32
2011 08200 1630.0 94
2011 08350 1568.0 39
2011 08500 2012.0 80
2011 08680 1955.0 14
2011 08700 1709.0 66
2011 08800 1700.0 7
2011 09120 1239.0 6
2011 09220 1475.0 9
2011 09430 1537.0 9
2011 09810 1187.0 6
2011 10210 1841.0 21
2011 10300 1489.0 72
2011 10320 1376.0 13
2011 10420 1058.0 12
2011 10600 2108.0 87
2011 10640 1764.0 8
2011 10650 1584.0 43
2011 10660 1404.0 6
2011 10820 766.0 9
2011 10900 1478.0 76
2011 10960 2006.0 14
2011 11100 1725.0 201
2011 11120 1594.0 70
2011 11130 1535.0 90
2011 11710 1719.0 31
2011 11910 1744.0 39
2011 12100 1229.0 19
2011 12240 1248.0 10
2011 12310 1501.0 18
2011 12400 1189.0 58
2011 12700 1302.0 20
2011 13100 2191.0 259
2011 13130 1958.0 132
2011 13200 2289.0 48
2011 13210 1792.0 125
2011 13220 1885.0 11
2011 13250 1360.0 14
2011 13270 2054.0 10
2011 13300 1772.0 27
2011 13500 1673.0 143
2011 13600 1551.0 57
2011 13720 1686.0 39
2011 13800 1778.0 16
2011 13880 1716.0 12
2011 14200 1502.0 104
2011 14300 1202.0 7
2011 14500 1283.0 14
2011 14700 1260.0 13
2011 15100 2019.0 78
2011 15110 2296.0 97
2011 15140 2369.0 277
2011 15150 1632.0 114
2011 15160 2401.0 10
2011 15170 1257.0 110
2011 15200 1406.0 52
2011 15210 1459.0 120
2011 15230 1229.0 22
2011 15240 1306.0 164
2011 15300 1549.0 40
2011 15320 1839.0 7
2011 15500 1202.0 90
2011 15520 1551.0 60
2011 15540 1454.0 28
2011 15550 1250.0 60
2011 15560 1229.0 72
2011 15610 1899.0 29
2011 15700 1490.0 60
2011 15800 1640.0 65
2011 15830 1303.0 97
2011 15840 1352.0 24
2011 15850 2052.0 7
2011 15860 1324.0 82
2011 15870 1704.0 50
2011 15880 1406.0 44
2011 15900 2416.0 19
2011 15950 1696.0 100
2011 16100 735.0 11
2011 16300 1351.0 132
2011 16600 1265.0 16
2011 16900 1013.0 78
2011 17200 1310.0 60
2011 17500 918.0 18
2011 17800 990.0 21
2011 18100 1299.0 136
2011 18130 770.0 55
2011 18150 919.0 57
2011 18200 859.0 34
2011 18300 947.0 17
2011 19430 774.0 6
2011 19600 1075.0 19
2011 19650 1032.0 36
2011 19700 930.0 27
2011 20100 2642.0 634
2011 20200 1912.0 86
2011 20210 1229.0 53
2011 20240 1162.0 44
2011 20300 2033.0 117
2011 20320 1683.0 319
2011 20360 1315.0 197
2011 20380 2122.0 11
2011 20400 1930.0 6
2011 20460 1251.0 46
2011 20500 2486.0 147
2011 20520 2037.0 55
2011 20540 1716.0 191
2011 20610 1237.0 221
2011 20660 2160.0 22
2011 20700 2436.0 146
2011 20720 1888.0 137
2011 20740 1731.0 146
2011 20750 1273.0 94
2011 20760 1770.0 77
2011 20780 1739.0 171
2011 20810 2519.0 268
2011 20880 1764.0 88
2011 20900 2358.0 47
2011 21100 1991.0 102
2011 21110 1695.0 88
2011 21140 1147.0 8
2011 21160 1859.0 17
2011 21200 1547.0 233
2011 21210 1400.0 45
2011 21220 1539.0 15
2011 21230 1430.0 6
2011 21250 1950.0 34
2011 21260 2053.0 17
2011 21270 1494.0 9
2011 21280 2200.0 22
2011 21290 1762.0 14
2011 21310 1410.0 9
2011 21360 1455.0 7
2011 21380 1355.0 29
2011 21420 1844.0 59
2011 21450 1133.0 11
2011 21490 1261.0 6
2011 21500 1659.0 61
2011 21530 1334.0 106
2011 21570 1293.0 7
2011 21600 1486.0 103
2011 21620 1892.0 7
2011 21800 1027.0 21
2011 21870 1009.0 15
2011 21900 1081.0 9
2011 23100 1399.0 32
2011 23200 969.0 13
2011 23500 1007.0 230
2011 23600 907.0 18
2011 23800 1021.0 76
2011 24100 1496.0 246
2011 24130 1435.0 23
2011 24240 1388.0 71
2011 24260 1298.0 81
2011 24280 1556.0 65
2011 24800 1387.0 102
2011 25130 1278.0 6
2011 25190 925.0 7
2011 25250 1204.0 9
2011 25360 1024.0 16
2011 25500 1239.0 22
2011 25700 1348.0 11
2011 25900 1128.0 16
2011 26100 1638.0 295
2011 26200 1595.0 67
2011 26510 1063.0 11
2011 26660 1306.0 92
2011 26820 1110.0 32
2011 26840 1500.0 9
2011 27100 1221.0 20
2011 27310 818.0 7
2011 27430 717.0 11
2011 27500 986.0 27
2011 27510 1230.0 43
2011 27800 1107.0 12
2011 28100 1882.0 343
2011 28120 1318.0 57
2011 28130 1445.0 81
2011 28190 993.0 83
2011 28200 1444.0 36
2011 28220 1450.0 36
2011 28300 1642.0 31
2011 28330 1065.0 67
2011 28360 1378.0 59
2011 28370 876.0 50
2011 28400 1310.0 49
2011 28430 1535.0 16
2011 28450 1162.0 25
2011 28500 1129.0 24
2011 28600 1421.0 44
2011 28610 1376.0 50
2011 28660 1497.0 52
2011 28760 1180.0 13
2011 28800 808.0 20
2011 28840 613.0 11
2011 29100 1254.0 18
2011 29200 860.0 77
2011 29250 1018.0 31
2011 29630 884.0 6
2011 30100 1298.0 129
2011 30300 785.0 58
2011 30420 1204.0 73
2011 31300 1244.0 26
2011 31400 1138.0 70
2011 31500 1021.0 12
2011 31600 1151.0 24
2011 31760 1077.0 13
2011 31900 857.0 11
2011 32200 1222.0 112
2011 32210 810.0 30
2011 32440 753.0 10
2011 32700 1132.0 81
2011 32740 779.0 22
2011 32800 871.0 32
2011 33100 2931.0 398
2011 33180 3541.0 25
2011 33200 3036.0 168
2011 33210 2922.0 110
2011 33230 2831.0 188
2011 33240 2561.0 33
2011 33250 2512.0 45
2011 33270 2284.0 125
2011 33300 1971.0 107
2011 33310 1492.0 159
2011 33330 1769.0 52
2011 33340 2001.0 54
2011 33400 2116.0 76
2011 33410 1585.0 132
2011 33420 1886.0 17
2011 33430 1934.0 58
2011 33450 1982.0 45
2011 33470 1801.0 85
2011 33480 1948.0 80
2011 33500 2576.0 273
2011 33520 2032.0 33
2011 33530 2306.0 111
2011 33540 2540.0 220
2011 33560 2178.0 172
2011 33580 2273.0 202
2011 33610 2197.0 85
2011 33700 2350.0 17
2011 33710 1924.0 261
2011 33720 1722.0 408
2011 33730 1956.0 20
2011 33800 1937.0 154
2011 33820 2048.0 124
2011 33840 1639.0 99
2011 33850 1319.0 56
2011 33880 1583.0 92
2011 33900 2322.0 169
2011 33950 2060.0 89
2011 33960 2079.0 180
2011 34600 1050.0 20
2011 34800 983.0 44
2011 35100 1124.0 24
2011 35300 1231.0 57
2011 35700 862.0 18
2011 35800 759.0 71
2011 35820 712.0 12
2011 36110 1898.0 24
2011 36200 1928.0 127
2011 36220 1548.0 67
2011 36240 1779.0 80
2011 36270 1766.0 13
2011 36420 1314.0 11
2011 36600 1581.0 11
2011 36760 1421.0 6
2011 37100 1735.0 165
2011 37120 1805.0 147
2011 37130 1605.0 63
2011 37140 1766.0 12
2011 37150 1675.0 59
2011 37200 1133.0 13
2011 37240 1038.0 16
2011 37470 1716.0 10
2011 37500 1830.0 82
2011 37550 1844.0 33
2011 37560 2099.0 16
2011 37600 1177.0 179
2011 37630 1288.0 134
2011 37800 1285.0 91
2011 37830 1102.0 39
2011 38200 1443.0 72
2011 38210 1132.0 40
2011 38600 874.0 6
2011 38700 1311.0 43
2011 38710 955.0 21
2011 38800 911.0 6
2011 39100 1345.0 24
2011 39160 1880.0 27
2011 39200 1099.0 33
2011 39500 1207.0 64
2011 39700 1035.0 35
2011 40100 2537.0 382
2011 40200 2286.0 76
2011 40250 1768.0 94
2011 40270 1861.0 160
2011 40320 1577.0 57
2011 40340 1294.0 117
2011 40400 1714.0 87
2011 40420 1680.0 76
2011 40500 2164.0 41
2011 40520 2131.0 149
2011 40530 1971.0 47
2011 40600 1971.0 52
2011 40630 1649.0 32
2011 40640 1368.0 104
2011 40700 2212.0 89
2011 40720 2108.0 65
2011 40740 1603.0 111
2011 40800 1488.0 84
2011 40820 1291.0 26
2011 40900 1463.0 29
2011 40930 1502.0 7
2011 40950 1600.0 45
2011 41160 1500.0 40
2011 41310 1906.0 12
2011 41330 1239.0 16
2011 41340 1469.0 59
2011 41400 1226.0 21
2011 41500 692.0 10
2011 41520 959.0 13
2011 41800 1204.0 27
2011 41900 1103.0 6
2011 42100 1326.0 129
2011 42220 604.0 7
2011 42300 885.0 38
2011 42600 857.0 7
2011 42700 1018.0 100
2011 43100 1028.0 55
2011 43500 1059.0 21
2011 43900 1238.0 6
2011 44100 1212.0 96
2011 44120 1199.0 13
2011 44150 963.0 35
2011 44200 802.0 39
2011 44300 860.0 6
2011 44500 1101.0 37
2011 44800 898.0 17
2011 45100 1481.0 195
2011 45120 1546.0 40
2011 45130 1283.0 34
2011 45150 1135.0 92
2011 45160 1152.0 91
2011 45200 1206.0 124
2011 45360 1452.0 30
2011 45370 1338.0 7
2011 45610 1233.0 23
2011 45700 1061.0 168
2011 45720 1168.0 14
2011 45740 993.0 19
2011 45910 876.0 14
2011 46800 888.0 47
2011 46900 858.0 21
2011 46910 1050.0 8
2011 47200 858.0 20
2011 47400 1150.0 28
2011 47710 914.0 11
2011 48100 1625.0 304
2011 48200 1052.0 42
2011 48310 1839.0 51
2011 48350 807.0 103
2011 48400 1333.0 66
2011 48410 1284.0 19
2011 48600 1222.0 125
2011 48700 1111.0 48
2011 48770 1116.0 12
2011 48800 1470.0 18
2011 48900 1219.0 14
2011 48910 1160.0 12
2011 49210 1210.0 11
2011 49400 1454.0 119
2011 49410 1213.0 16
2011 49420 1178.0 20
2011 49460 859.0 14
2011 49490 1154.0 11
2011 49510 786.0 12
2011 49900 1065.0 6
2011 50100 1969.0 270
2011 50120 1340.0 56
2011 50130 1555.0 37
2011 50160 1261.0 73
2011 50170 1720.0 52
2011 50190 1773.0 47
2011 50500 1747.0 20
2011 50600 1597.0 42
2011 50670 1240.0 8
2011 51200 1044.0 42
2011 51900 1099.0 39
2011 52100 1160.0 7
2011 52200 874.0 10
2011 52300 1297.0 23
2011 52550 1076.0 10
2011 52700 932.0 57
2011 53100 2238.0 258
2011 53200 1597.0 25
2011 53300 1503.0 91
2011 53500 1776.0 12
2011 53600 2073.0 49
2011 53810 1414.0 90
2011 53850 1484.0 109
2011 53900 2255.0 50
2011 53920 1418.0 75
2011 53950 1136.0 38
2011 54100 1197.0 58
2011 54110 1415.0 9
2011 54500 923.0 18
2011 54800 1285.0 14
2011 54915 1497.0 12
2011 54920 1626.0 6
2011 55100 1316.0 133
2011 55120 1014.0 52
2011 55300 1028.0 9
2011 55320 980.0 9
2011 55420 1501.0 8
2011 55510 732.0 22
2011 55610 913.0 35
2011 55700 1110.0 14
2011 55800 796.0 41
2011 55910 822.0 6
2011 56100 1236.0 31
2011 56800 823.0 8
2011 57100 1652.0 107
2011 57130 1772.0 61
2011 57170 1092.0 42
2011 57200 1205.0 56
2011 57210 1208.0 51
2011 57220 887.0 11
2011 57230 975.0 36
2011 57510 1258.0 7
2011 57600 1302.0 15
2011 57710 1312.0 31
2011 58200 1106.0 21
2011 58500 801.0 14
2011 58700 663.0 12
2011 58900 704.0 22
2011 59100 1027.0 16
2011 59800 955.0 11
2011 60100 1809.0 226
2011 60120 1613.0 40
2011 60150 1374.0 64
2011 60200 1885.0 171
2011 60220 1723.0 43
2011 60320 1775.0 102
2011 60510 1876.0 157
2011 60550 1303.0 27
2011 60800 1379.0 24
2011 61300 1092.0 49
2011 61400 1101.0 14
2011 61500 832.0 15
2011 61600 1064.0 31
2011 61800 1201.0 70
2011 62100 1345.0 118
2011 62200 1141.0 36
2011 62300 833.0 6
2011 62375 884.0 9
2011 62900 1003.0 14
2011 63100 965.0 6
2011 63300 1135.0 43
2011 63600 828.0 9
2011 63610 1336.0 9
2011 63700 1149.0 27
2011 63800 728.0 8
2011 64100 800.0 16
2011 64200 1043.0 12
2011 64260 1006.0 9
2011 64700 891.0 16
2011 64900 939.0 8
2011 65100 2146.0 376
2011 65200 1862.0 116
2011 65230 1493.0 62
2011 65280 1826.0 76
2011 65300 1741.0 26
2011 65320 1525.0 84
2011 65350 1452.0 103
2011 65370 1167.0 55
2011 65380 1466.0 29
2011 65450 1824.0 6
2011 65610 1655.0 99
2011 65630 1873.0 12
2011 66400 1236.0 54
2011 66500 989.0 7
2011 66900 1171.0 28
2011 67100 1872.0 164
2011 67200 1544.0 61
2011 67300 1886.0 26
2011 67400 1755.0 19
2011 67700 1354.0 20
2011 67800 1097.0 29
2011 68300 1201.0 18
2011 68580 1887.0 6
2011 68600 1177.0 78
2011 68620 1072.0 50
2011 68630 1336.0 16
2011 68660 882.0 15
2011 69100 958.0 41
2011 69300 792.0 13
2011 69600 1002.0 11
2011 70100 2400.0 345
2011 70110 2240.0 113
2011 70150 1785.0 95
2011 70200 1743.0 154
2011 70260 1902.0 59
2011 70280 1482.0 32
2011 70300 2309.0 17
2011 70340 1587.0 54
2011 70420 1514.0 50
2011 70460 1482.0 107
2011 70500 1679.0 140
2011 70600 2072.0 62
2011 70620 1791.0 35
2011 70700 1864.0 60
2011 70780 1714.0 83
2011 70800 1941.0 27
2011 70820 1984.0 152
2011 70840 2494.0 23
2011 70900 1968.0 17
2011 70910 1721.0 57
2011 71200 768.0 21
2011 71310 1468.0 7
2011 71750 1185.0 19
2011 71800 1528.0 112
2011 71850 1506.0 32
2011 71870 939.0 8
2011 72400 918.0 24
2011 72600 867.0 14
2011 73100 1064.0 57
2011 73300 1368.0 49
2011 73310 3350.0 11
2011 73460 737.0 6
2011 73500 906.0 18
2011 73600 794.0 19
2011 74100 1596.0 108
2011 74120 1350.0 88
2011 74130 1426.0 44
2011 74200 961.0 12
2011 74300 917.0 6
2011 74700 968.0 36
2011 75500 784.0 35
2011 75530 898.0 37
2011 75700 687.0 6
2011 76100 1036.0 90
2011 76120 973.0 14
2011 76130 1194.0 8
2011 76150 971.0 55
2011 76850 987.0 14
2011 77600 1015.0 58
2011 78200 973.0 102
2011 78210 893.0 8
2011 78250 905.0 22
2011 78300 660.0 25
2011 78310 925.0 20
2011 78400 961.0 16
2011 78500 890.0 10
2011 78850 998.0 44
2011 78870 982.0 22
2011 79100 1049.0 66
2011 79600 702.0 14
2011 79700 778.0 11
2011 80100 2243.0 228
2011 80110 2215.0 144
2011 80130 1707.0 9
2011 80140 1932.0 70
2011 80160 1512.0 146
2011 80170 1696.0 48
2011 80200 2140.0 72
2011 80220 2100.0 40
2011 80230 1718.0 66
2011 80260 1618.0 57
2011 80330 1693.0 26
2011 80400 1604.0 24
2011 80710 1941.0 35
2011 81100 1407.0 24
2011 81200 974.0 13
2011 81700 871.0 62
2011 81720 700.0 28
2011 82140 709.0 9
2011 82200 1077.0 19
2011 82500 1096.0 56
2011 82600 798.0 17
2011 82900 814.0 34
2011 83100 953.0 23
2011 83400 818.0 13
2011 83500 819.0 54
2011 83700 1063.0 16
2011 83900 792.0 18
2011 84100 1493.0 107
2011 85100 1310.0 42
2011 85200 767.0 6
2011 85410 922.0 6
2011 85500 1211.0 50
2011 85800 1000.0 33
2011 86300 1029.0 70
2011 86400 681.0 6
2011 86600 1140.0 28
2011 86800 858.0 30
2011 87100 1596.0 163
2011 87150 1339.0 14
2011 87200 1553.0 94
2011 87250 1656.0 38
2011 87300 1143.0 16
2011 87400 1262.0 35
2011 87500 1256.0 77
2011 87600 755.0 17
2011 87700 1406.0 43
2011 88300 730.0 8
2011 88600 1574.0 52
2011 88610 1808.0 16
2011 88900 997.0 54
2011 89600 815.0 38
2011 90100 2167.0 366
2011 90120 1949.0 160
2011 90140 1663.0 26
2011 90150 1665.0 64
2011 90160 1474.0 71
2011 90230 2105.0 85
2011 90240 1630.0 85
2011 90250 1241.0 105
2011 90310 1761.0 18
2011 90400 2903.0 9
2011 90420 1811.0 113
2011 90440 1473.0 98
2011 90450 1592.0 73
2011 90460 1502.0 76
2011 90500 1706.0 235
2011 90520 1488.0 43
2011 90530 1538.0 52
2011 90540 1622.0 133
2011 90550 1312.0 73
2011 90560 1308.0 80
2011 90570 1383.0 83
2011 90580 1339.0 52
2011 90630 1677.0 91
2011 90650 1623.0 153
2011 90800 1532.0 50
2011 90810 1292.0 22
2011 90830 1436.0 66
2011 90900 1328.0 28
2011 90940 1306.0 56
2011 91100 1135.0 20
2011 91300 1018.0 6
2011 91500 1076.0 27
2011 91700 832.0 11
2011 91800 1132.0 19
2011 91900 1226.0 21
2011 92100 1311.0 65
2011 92120 1053.0 24
2011 92130 1164.0 47
2011 92140 1355.0 10
2011 92150 949.0 6
2011 93100 906.0 19
2011 93400 857.0 9
2011 93600 1480.0 125
2011 93825 1819.0 6
2011 94100 1078.0 139
2011 94200 654.0 14
2011 94400 913.0 23
2011 94450 1153.0 15
2011 94600 1065.0 8
2011 94700 764.0 39
2011 94720 1136.0 15
2011 95400 1621.0 31
2011 95410 1213.0 22
2011 95420 1258.0 31
2011 95430 1173.0 36
2011 95450 1427.0 17
2011 95970 2570.0 7
2011 96100 1785.0 220
2011 96190 1503.0 22
2011 96200 1833.0 123
2011 96300 1754.0 93
2011 96400 1574.0 52
2011 96440 1095.0 43
2011 96460 1662.0 31
2011 96500 1085.0 114
2011 96900 1948.0 31
2011 96910 1488.0 22
2011 97700 688.0 7
2011 97900 745.0 8
2011 98100 845.0 27
2011 98120 729.0 8
2011 98900 671.0 7
2011 99100 1509.0 11
2011 99130 2504.0 11
2011 99600 1088.0 39
2011 99800 1167.0 7
2012 00100 5686.0 370
2012 00120 5858.0 185
2012 00130 6255.0 32
2012 00140 6181.0 206
2012 00150 5791.0 426
2012 00160 6390.0 64
2012 00170 5867.0 174
2012 00180 5568.0 220
2012 00200 4694.0 533
2012 00210 4802.0 185
2012 00240 3891.0 6
2012 00250 5238.0 379
2012 00260 5314.0 158
2012 00270 5052.0 249
2012 00280 4583.0 75
2012 00300 4425.0 18
2012 00310 3527.0 40
2012 00320 3990.0 306
2012 00330 4792.0 163
2012 00340 4019.0 22
2012 00350 4022.0 178
2012 00360 3235.0 69
2012 00370 3270.0 64
2012 00390 2882.0 117
2012 00400 3473.0 218
2012 00410 2583.0 22
2012 00420 2777.0 244
2012 00430 3146.0 20
2012 00440 3232.0 104
2012 00500 4607.0 468
2012 00510 4466.0 342
2012 00520 4028.0 169
2012 00530 4715.0 539
2012 00550 4145.0 219
2012 00560 4590.0 140
2012 00570 4164.0 89
2012 00580 4643.0 11
2012 00600 3003.0 52
2012 00610 4126.0 136
2012 00620 3073.0 79
2012 00630 3000.0 109
2012 00640 3134.0 167
2012 00650 3505.0 27
2012 00660 3251.0 81
2012 00670 3401.0 58
2012 00680 3413.0 41
2012 00690 3103.0 7
2012 00700 3065.0 106
2012 00710 2532.0 199
2012 00720 3016.0 110
2012 00730 3136.0 120
2012 00740 2581.0 106
2012 00750 2673.0 83
2012 00760 2874.0 75
2012 00770 2105.0 37
2012 00780 3119.0 99
2012 00790 3645.0 73
2012 00800 3685.0 121
2012 00810 4045.0 112
2012 00820 2849.0 165
2012 00830 3693.0 30
2012 00840 3093.0 192
2012 00850 4405.0 8
2012 00870 3054.0 44
2012 00900 2572.0 85
2012 00910 3095.0 181
2012 00920 2410.0 123
2012 00930 3158.0 24
2012 00940 2277.0 273
2012 00950 3379.0 45
2012 00960 2651.0 112
2012 00970 2535.0 154
2012 00980 2815.0 200
2012 00990 4130.0 204
2012 01150 2531.0 45
2012 01200 2147.0 198
2012 01230 2531.0 77
2012 01260 2629.0 27
2012 01280 2540.0 148
2012 01300 3005.0 334
2012 01350 2456.0 139
2012 01360 2199.0 326
2012 01370 2729.0 63
2012 01380 2868.0 12
2012 01390 2884.0 70
2012 01400 3073.0 32
2012 01420 3080.0 7
2012 01450 2563.0 278
2012 01480 2037.0 102
2012 01490 2525.0 12
2012 01510 3602.0 71
2012 01520 3463.0 152
2012 01600 2519.0 386
2012 01610 2641.0 102
2012 01620 2284.0 290
2012 01630 2924.0 33
2012 01640 3234.0 35
2012 01650 2330.0 91
2012 01660 2816.0 7
2012 01670 2795.0 57
2012 01690 3284.0 22
2012 01700 2817.0 7
2012 01710 2566.0 162
2012 01730 1921.0 38
2012 01800 2325.0 98
2012 01820 2302.0 69
2012 01840 2463.0 55
2012 01900 2050.0 114
2012 02100 4179.0 105
2012 02110 4249.0 88
2012 02120 4113.0 78
2012 02130 3685.0 106
2012 02140 3052.0 57
2012 02150 3701.0 15
2012 02160 4163.0 35
2012 02170 3882.0 113
2012 02180 3628.0 94
2012 02200 3658.0 131
2012 02210 2904.0 258
2012 02230 3470.0 311
2012 02240 3799.0 18
2012 02260 2639.0 77
2012 02270 3436.0 19
2012 02280 3140.0 57
2012 02300 3343.0 20
2012 02320 2931.0 373
2012 02330 3762.0 67
2012 02340 3173.0 88
2012 02360 2536.0 150
2012 02400 2249.0 192
2012 02410 1731.0 8
2012 02420 2360.0 8
2012 02430 2415.0 75
2012 02450 2901.0 28
2012 02460 1682.0 31
2012 02480 2511.0 36
2012 02580 2038.0 24
2012 02600 3769.0 142
2012 02610 3604.0 73
2012 02620 2634.0 103
2012 02630 3229.0 57
2012 02650 3459.0 237
2012 02660 3340.0 29
2012 02700 3590.0 86
2012 02710 2800.0 120
2012 02720 3119.0 24
2012 02730 3160.0 36
2012 02740 3303.0 10
2012 02750 3477.0 81
2012 02760 2728.0 258
2012 02770 2829.0 109
2012 02780 2739.0 62
2012 02810 2998.0 10
2012 02880 2415.0 50
2012 02920 2954.0 33
2012 02940 2977.0 144
2012 02970 2779.0 13
2012 03100 2153.0 258
2012 03250 2000.0 9
2012 03400 1868.0 36
2012 03600 1481.0 86
2012 03620 1289.0 11
2012 03850 1599.0 6
2012 04130 2244.0 62
2012 04200 2465.0 206
2012 04220 2532.0 45
2012 04230 2309.0 146
2012 04250 2579.0 65
2012 04260 2071.0 88
2012 04300 2540.0 143
2012 04310 2665.0 25
2012 04320 2164.0 87
2012 04330 2404.0 19
2012 04340 1929.0 52
2012 04400 2380.0 253
2012 04410 2433.0 152
2012 04420 2532.0 79
2012 04430 2630.0 141
2012 04440 1875.0 54
2012 04460 2417.0 33
2012 04500 2074.0 28
2012 04600 2075.0 124
2012 04620 2165.0 18
2012 05200 1945.0 53
2012 05400 2205.0 56
2012 05460 1953.0 63
2012 05800 2067.0 237
2012 05810 2312.0 46
2012 05820 1621.0 39
2012 05830 2130.0 123
2012 05840 1861.0 72
2012 05860 1596.0 25
2012 05880 1587.0 56
2012 05900 1827.0 98
2012 06100 2698.0 281
2012 06150 2212.0 63
2012 06400 2135.0 88
2012 06450 1930.0 51
2012 06650 2362.0 9
2012 06750 2663.0 7
2012 07170 2179.0 7
2012 07230 1965.0 10
2012 07500 1890.0 6
2012 07560 1567.0 6
2012 07900 1667.0 54
2012 07910 937.0 11
2012 07920 1174.0 17
2012 07940 1182.0 13
2012 08100 2300.0 172
2012 08150 2085.0 39
2012 08200 1588.0 71
2012 08350 1565.0 53
2012 08500 2067.0 56
2012 08680 2157.0 19
2012 08700 1711.0 80
2012 09220 1528.0 11
2012 10210 1676.0 19
2012 10300 1454.0 71
2012 10320 1179.0 12
2012 10420 1090.0 16
2012 10600 2171.0 66
2012 10640 1775.0 6
2012 10650 1589.0 26
2012 10820 749.0 9
2012 10900 1386.0 59
2012 11100 1717.0 204
2012 11120 1572.0 69
2012 11130 1630.0 97
2012 11310 1349.0 9
2012 11710 1787.0 20
2012 11910 1800.0 34
2012 12100 1226.0 16
2012 12240 1286.0 7
2012 12310 1548.0 12
2012 12400 1188.0 72
2012 12540 1349.0 9
2012 12700 1348.0 26
2012 13100 2178.0 261
2012 13130 1963.0 133
2012 13200 2245.0 44
2012 13210 1777.0 141
2012 13220 2193.0 20
2012 13250 1320.0 20
2012 13270 2198.0 10
2012 13300 1873.0 29
2012 13430 1895.0 6
2012 13500 1786.0 154
2012 13600 1583.0 53
2012 13720 1643.0 48
2012 13800 1786.0 14
2012 13880 1954.0 7
2012 14200 1414.0 131
2012 14500 1290.0 16
2012 14700 1097.0 13
2012 15100 2096.0 98
2012 15110 2372.0 72
2012 15140 2357.0 332
2012 15150 1810.0 135
2012 15160 2325.0 15
2012 15170 1287.0 93
2012 15200 1430.0 48
2012 15210 1368.0 99
2012 15230 1561.0 23
2012 15240 1298.0 136
2012 15300 1569.0 44
2012 15320 1847.0 8
2012 15500 1208.0 90
2012 15520 1513.0 53
2012 15540 1655.0 26
2012 15550 1157.0 50
2012 15560 1264.0 54
2012 15610 1982.0 42
2012 15700 1679.0 95
2012 15800 1582.0 54
2012 15810 1477.0 8
2012 15830 1293.0 100
2012 15840 1371.0 30
2012 15860 1332.0 86
2012 15870 1660.0 53
2012 15880 1432.0 38
2012 15900 2496.0 24
2012 15950 1693.0 92
2012 16100 705.0 12
2012 16300 1291.0 130
2012 16600 1190.0 25
2012 16800 1250.0 10
2012 16900 1192.0 41
2012 17200 1320.0 65
2012 17500 1045.0 13
2012 17800 953.0 13
2012 18100 1399.0 168
2012 18130 793.0 81
2012 18150 983.0 66
2012 18200 833.0 46
2012 18300 828.0 22
2012 19430 865.0 6
2012 19600 993.0 15
2012 19650 956.0 33
2012 19700 969.0 36
2012 20100 2649.0 653
2012 20200 1960.0 84
2012 20210 1213.0 76
2012 20240 1204.0 43
2012 20300 2009.0 96
2012 20320 1733.0 363
2012 20360 1351.0 243
2012 20380 2231.0 13
2012 20460 1196.0 63
2012 20500 2491.0 136
2012 20520 2363.0 63
2012 20540 1763.0 221
2012 20610 1282.0 243
2012 20660 2374.0 29
2012 20700 2440.0 146
2012 20720 1864.0 125
2012 20740 1687.0 151
2012 20750 1293.0 107
2012 20760 1889.0 60
2012 20780 1659.0 167
2012 20810 2469.0 339
2012 20880 1766.0 89
2012 20900 2346.0 44
2012 21100 1991.0 108
2012 21110 1739.0 100
2012 21120 2127.0 6
2012 21140 968.0 10
2012 21160 1795.0 19
2012 21200 1556.0 285
2012 21210 1496.0 49
2012 21220 1403.0 15
2012 21230 1687.0 7
2012 21250 1764.0 55
2012 21260 2118.0 28
2012 21270 1642.0 25
2012 21280 2153.0 22
2012 21290 1837.0 15
2012 21310 1438.0 9
2012 21380 1329.0 31
2012 21420 1704.0 60
2012 21450 935.0 7
2012 21490 1015.0 10
2012 21500 1645.0 65
2012 21530 1370.0 109
2012 21570 1119.0 19
2012 21600 1571.0 97
2012 21620 1855.0 10
2012 21660 1458.0 10
2012 21800 1039.0 20
2012 21870 1254.0 15
2012 21900 1215.0 12
2012 23100 1339.0 39
2012 23200 860.0 8
2012 23310 1195.0 10
2012 23500 1090.0 208
2012 23600 1035.0 15
2012 23800 1131.0 67
2012 24100 1479.0 173
2012 24130 1246.0 25
2012 24240 1382.0 42
2012 24260 1208.0 47
2012 24280 1537.0 58
2012 24800 1324.0 71
2012 25250 1147.0 9
2012 25360 1273.0 11
2012 25500 1078.0 18
2012 25700 1172.0 16
2012 25900 1202.0 6
2012 26100 1619.0 309
2012 26200 1516.0 91
2012 26660 1319.0 95
2012 26820 1115.0 23
2012 27100 1298.0 17
2012 27230 907.0 12
2012 27430 920.0 9
2012 27500 1134.0 15
2012 27510 1166.0 36
2012 27600 800.0 6
2012 27710 739.0 7
2012 27800 1304.0 19
2012 27910 590.0 8
2012 28100 1897.0 345
2012 28120 1426.0 48
2012 28130 1463.0 89
2012 28190 862.0 133
2012 28200 1422.0 30
2012 28220 1475.0 37
2012 28300 1683.0 29
2012 28330 1000.0 53
2012 28360 1507.0 56
2012 28370 953.0 64
2012 28400 1393.0 53
2012 28430 1416.0 12
2012 28450 1116.0 38
2012 28500 1098.0 8
2012 28600 1519.0 42
2012 28610 1444.0 53
2012 28660 1509.0 45
2012 28760 1211.0 13
2012 28800 787.0 34
2012 28840 573.0 12
2012 29100 1240.0 8
2012 29200 946.0 75
2012 29250 1093.0 30
2012 29630 994.0 7
2012 30100 1364.0 113
2012 30300 769.0 50
2012 30420 1188.0 70
2012 31300 1245.0 24
2012 31400 1071.0 65
2012 31500 984.0 21
2012 31600 1179.0 24
2012 31640 721.0 21
2012 31760 1094.0 13
2012 31900 918.0 7
2012 32100 1005.0 9
2012 32200 1204.0 117
2012 32210 968.0 30
2012 32440 789.0 14
2012 32500 1014.0 6
2012 32610 812.0 7
2012 32700 1044.0 109
2012 32740 771.0 28
2012 32800 990.0 32
2012 32810 1812.0 17
2012 33100 2973.0 468
2012 33180 3568.0 20
2012 33200 3093.0 187
2012 33210 2924.0 129
2012 33230 3016.0 208
2012 33240 2538.0 37
2012 33250 2565.0 71
2012 33270 2392.0 170
2012 33300 1957.0 108
2012 33310 1517.0 138
2012 33330 1699.0 55
2012 33340 1960.0 74
2012 33400 2071.0 71
2012 33410 1576.0 158
2012 33420 1866.0 16
2012 33430 1928.0 68
2012 33450 2021.0 37
2012 33470 1834.0 88
2012 33480 1874.0 113
2012 33500 2767.0 293
2012 33520 2039.0 26
2012 33530 2227.0 102
2012 33540 2652.0 247
2012 33560 2260.0 193
2012 33580 2323.0 240
2012 33610 2207.0 99
2012 33700 2499.0 25
2012 33710 1962.0 285
2012 33720 1754.0 451
2012 33730 2078.0 31
2012 33800 1913.0 129
2012 33820 2143.0 137
2012 33840 1573.0 83
2012 33850 1297.0 91
2012 33880 1494.0 65
2012 33900 2333.0 203
2012 33950 2067.0 89
2012 33960 2183.0 194
2012 34300 1196.0 8
2012 34600 880.0 32
2012 34800 923.0 52
2012 35100 1136.0 24
2012 35300 1278.0 65
2012 35700 833.0 18
2012 35800 797.0 65
2012 36110 1944.0 35
2012 36200 1925.0 121
2012 36220 1664.0 75
2012 36240 1834.0 92
2012 36270 1677.0 12
2012 36420 1449.0 8
2012 36600 1582.0 26
2012 36760 1399.0 9
2012 37100 1739.0 152
2012 37120 1750.0 178
2012 37130 1673.0 57
2012 37140 1935.0 20
2012 37150 1715.0 75
2012 37200 1028.0 29
2012 37240 946.0 21
2012 37470 1525.0 11
2012 37500 1920.0 78
2012 37550 1873.0 53
2012 37560 2066.0 18
2012 37600 1230.0 184
2012 37630 1243.0 130
2012 37800 1248.0 121
2012 37830 1185.0 51
2012 38200 1538.0 97
2012 38210 1047.0 33
2012 38300 856.0 6
2012 38460 1238.0 11
2012 38700 1262.0 51
2012 38710 928.0 25
2012 39100 1404.0 37
2012 39160 1948.0 29
2012 39200 1149.0 25
2012 39500 1111.0 51
2012 39700 1032.0 47
2012 40100 2536.0 364
2012 40200 2369.0 87
2012 40250 1840.0 118
2012 40270 1820.0 169
2012 40320 1585.0 60
2012 40340 1259.0 108
2012 40400 1768.0 85
2012 40420 1816.0 65
2012 40500 2142.0 38
2012 40520 2163.0 218
2012 40530 2031.0 37
2012 40600 2001.0 35
2012 40630 1659.0 23
2012 40640 1346.0 105
2012 40700 2127.0 103
2012 40720 2161.0 71
2012 40740 1602.0 99
2012 40800 1451.0 98
2012 40820 1314.0 19
2012 40900 1348.0 38
2012 40930 1444.0 9
2012 40950 1698.0 57
2012 41160 1406.0 50
2012 41310 1791.0 20
2012 41330 1139.0 9
2012 41340 1644.0 71
2012 41400 1079.0 21
2012 41500 679.0 8
2012 41520 934.0 15
2012 41660 1153.0 10
2012 41800 1210.0 29
2012 41900 1278.0 13
2012 42100 1322.0 132
2012 42220 680.0 12
2012 42300 866.0 42
2012 42600 792.0 11
2012 42700 1029.0 99
2012 43100 1075.0 49
2012 43500 1011.0 17
2012 43900 741.0 7
2012 44100 1169.0 60
2012 44120 952.0 13
2012 44150 1047.0 33
2012 44200 765.0 58
2012 44280 825.0 7
2012 44300 1063.0 9
2012 44500 1067.0 43
2012 44800 1038.0 21
2012 45100 1505.0 165
2012 45120 1532.0 31
2012 45130 1326.0 34
2012 45150 1090.0 80
2012 45160 1135.0 100
2012 45200 1144.0 159
2012 45360 1339.0 42
2012 45370 1338.0 27
2012 45610 1148.0 31
2012 45700 1131.0 140
2012 45720 1436.0 13
2012 45740 1178.0 24
2012 45910 732.0 13
2012 46800 942.0 27
2012 46810 916.0 6
2012 46900 890.0 20
2012 47200 784.0 16
2012 47400 1158.0 27
2012 48100 1664.0 283
2012 48200 1114.0 35
2012 48310 1918.0 54
2012 48350 822.0 95
2012 48400 1332.0 49
2012 48410 1288.0 12
2012 48600 1247.0 104
2012 48700 1054.0 43
2012 48770 1190.0 7
2012 48800 1573.0 12
2012 48900 1098.0 14
2012 49210 1358.0 7
2012 49220 1511.0 8
2012 49400 1348.0 118
2012 49410 978.0 28
2012 49420 1043.0 12
2012 49460 924.0 11
2012 49510 780.0 14
2012 49900 942.0 9
2012 50100 1968.0 232
2012 50120 1398.0 38
2012 50130 1874.0 35
2012 50160 1233.0 65
2012 50170 1847.0 38
2012 50190 1789.0 64
2012 50500 1632.0 22
2012 50600 1688.0 50
2012 50670 1229.0 10
2012 50970 2663.0 6
2012 51200 1077.0 41
2012 51900 1026.0 43
2012 52100 1208.0 12
2012 52200 891.0 10
2012 52300 1152.0 24
2012 52550 1123.0 13
2012 52700 1004.0 38
2012 53100 2259.0 309
2012 53200 1467.0 33
2012 53300 1509.0 61
2012 53400 1497.0 7
2012 53500 1897.0 26
2012 53600 2099.0 37
2012 53650 1434.0 6
2012 53810 1410.0 104
2012 53850 1494.0 90
2012 53900 2250.0 64
2012 53920 1390.0 79
2012 53950 1338.0 26
2012 54100 1281.0 54
2012 54110 1501.0 15
2012 54500 913.0 25
2012 54530 1304.0 8
2012 54710 1364.0 11
2012 54800 1324.0 15
2012 54915 1550.0 13
2012 55100 1359.0 129
2012 55120 1018.0 72
2012 55300 1166.0 10
2012 55510 732.0 22
2012 55610 889.0 35
2012 55700 1053.0 17
2012 55800 838.0 48
2012 55910 633.0 13
2012 56100 1282.0 19
2012 56800 840.0 13
2012 57100 1635.0 114
2012 57130 1691.0 69
2012 57170 1289.0 69
2012 57200 1307.0 49
2012 57210 1174.0 36
2012 57220 802.0 6
2012 57230 931.0 36
2012 57510 1263.0 7
2012 57600 1344.0 12
2012 57710 1255.0 35
2012 58200 1026.0 25
2012 58500 910.0 26
2012 58700 663.0 11
2012 58900 766.0 16
2012 59100 930.0 10
2012 60100 1899.0 209
2012 60120 1618.0 28
2012 60150 1358.0 55
2012 60200 1909.0 141
2012 60220 1789.0 50
2012 60320 1806.0 107
2012 60510 1877.0 150
2012 60550 1451.0 32
2012 60720 1508.0 9
2012 60800 1406.0 27
2012 61300 1251.0 43
2012 61400 1284.0 12
2012 61500 937.0 13
2012 61600 979.0 31
2012 61800 1331.0 56
2012 61850 3395.0 7
2012 62100 1430.0 91
2012 62200 1079.0 36
2012 62300 971.0 7
2012 62375 810.0 10
2012 62900 1192.0 19
2012 63100 937.0 6
2012 63300 1148.0 47
2012 63610 1355.0 8
2012 63700 1069.0 36
2012 64100 932.0 18
2012 64200 1055.0 9
2012 64260 645.0 12
2012 64700 838.0 17
2012 65100 2192.0 416
2012 65200 1820.0 130
2012 65230 1533.0 56
2012 65280 1816.0 108
2012 65300 1923.0 32
2012 65320 1606.0 95
2012 65350 1512.0 72
2012 65370 1146.0 53
2012 65380 1484.0 34
2012 65520 1716.0 12
2012 65610 1756.0 114
2012 65630 1628.0 13
2012 66100 1532.0 12
2012 66200 1221.0 8
2012 66400 1314.0 43
2012 66500 1060.0 9
2012 66530 983.0 9
2012 66900 1142.0 18
2012 67100 1872.0 168
2012 67200 1493.0 62
2012 67300 1883.0 38
2012 67400 1791.0 31
2012 67700 1480.0 24
2012 67800 1122.0 38
2012 68300 1017.0 12
2012 68600 1280.0 105
2012 68620 1153.0 47
2012 68630 1210.0 22
2012 68660 788.0 58
2012 69100 1057.0 36
2012 69300 789.0 10
2012 69600 1024.0 10
2012 70100 2416.0 353
2012 70110 2331.0 118
2012 70150 1803.0 102
2012 70200 1718.0 150
2012 70260 1865.0 61
2012 70280 1536.0 40
2012 70300 2285.0 12
2012 70340 1539.0 59
2012 70420 1683.0 55
2012 70460 1430.0 111
2012 70500 1647.0 178
2012 70600 2227.0 75
2012 70620 1882.0 54
2012 70700 1802.0 71
2012 70780 1813.0 78
2012 70800 2000.0 21
2012 70820 2012.0 165
2012 70840 2430.0 36
2012 70900 1998.0 17
2012 70910 1733.0 67
2012 71200 859.0 13
2012 71750 1063.0 16
2012 71800 1636.0 102
2012 71850 1522.0 30
2012 72210 847.0 8
2012 72300 699.0 9
2012 72400 921.0 24
2012 72600 803.0 11
2012 73100 1168.0 49
2012 73300 1249.0 31
2012 73500 858.0 18
2012 73600 896.0 17
2012 74100 1606.0 118
2012 74120 1404.0 114
2012 74130 1388.0 47
2012 74200 807.0 13
2012 74300 919.0 15
2012 74700 957.0 44
2012 75500 765.0 39
2012 75530 969.0 22
2012 75700 619.0 13
2012 76100 959.0 100
2012 76120 886.0 12
2012 76130 1080.0 6
2012 76150 838.0 43
2012 76850 968.0 15
2012 77600 998.0 85
2012 77700 902.0 14
2012 78200 938.0 95
2012 78210 905.0 8
2012 78250 942.0 24
2012 78300 735.0 19
2012 78310 1191.0 10
2012 78400 973.0 12
2012 78500 865.0 19
2012 78850 970.0 52
2012 78870 932.0 23
2012 79100 1115.0 66
2012 79600 876.0 14
2012 79700 762.0 12
2012 80100 2290.0 228
2012 80110 2353.0 157
2012 80140 1899.0 79
2012 80160 1607.0 162
2012 80170 1733.0 41
2012 80200 2202.0 93
2012 80220 2034.0 26
2012 80230 1762.0 69
2012 80260 1741.0 60
2012 80330 1786.0 33
2012 80400 1564.0 39
2012 80710 1922.0 58
2012 81100 1626.0 24
2012 81200 925.0 22
2012 81700 883.0 64
2012 81720 667.0 20
2012 82140 691.0 6
2012 82200 1017.0 14
2012 82500 1019.0 81
2012 82600 761.0 16
2012 82900 762.0 18
2012 83100 1028.0 23
2012 83400 847.0 12
2012 83500 953.0 48
2012 83700 847.0 11
2012 83900 845.0 22
2012 84100 1529.0 118
2012 85100 1317.0 39
2012 85200 901.0 10
2012 85410 1209.0 10
2012 85500 1231.0 73
2012 85800 1025.0 55
2012 86300 1139.0 70
2012 86400 790.0 13
2012 86600 1305.0 26
2012 86710 748.0 6
2012 86800 877.0 31
2012 87100 1578.0 176
2012 87150 1155.0 11
2012 87200 1570.0 102
2012 87250 1703.0 42
2012 87300 1221.0 23
2012 87400 1195.0 41
2012 87500 1215.0 91
2012 87600 780.0 10
2012 87700 1447.0 37
2012 88300 828.0 6
2012 88600 1516.0 57
2012 88610 1885.0 17
2012 88900 990.0 41
2012 89600 803.0 33
2012 90100 2325.0 205
2012 90120 1993.0 181
2012 90140 1887.0 59
2012 90150 1453.0 110
2012 90230 2058.0 107
2012 90240 1589.0 109
2012 90250 1304.0 113
2012 90310 1739.0 18
2012 90400 2342.0 11
2012 90420 1824.0 79
2012 90440 1463.0 98
2012 90450 1569.0 64
2012 90460 1529.0 68
2012 90500 1639.0 224
2012 90520 1204.0 84
2012 90530 1653.0 75
2012 90540 1659.0 138
2012 90550 1334.0 95
2012 90560 1285.0 58
2012 90570 1507.0 88
2012 90580 1396.0 71
2012 90630 1656.0 112
2012 90650 1638.0 127
2012 90800 1511.0 57
2012 90810 1332.0 15
2012 90830 1472.0 68
2012 90850 1073.0 6
2012 90900 1384.0 33
2012 90940 1307.0 41
2012 91100 1198.0 16
2012 91500 1142.0 30
2012 91600 882.0 10
2012 91700 941.0 7
2012 91800 1182.0 28
2012 91900 1261.0 31
2012 92100 1324.0 48
2012 92120 1035.0 18
2012 92130 1142.0 42
2012 92140 1333.0 18
2012 92150 1018.0 7
2012 92600 687.0 9
2012 93100 888.0 38
2012 93600 1464.0 93
2012 94100 1134.0 140
2012 94200 794.0 12
2012 94400 915.0 22
2012 94450 1176.0 12
2012 94600 1152.0 11
2012 94700 747.0 31
2012 94720 1185.0 26
2012 94830 647.0 8
2012 95400 1586.0 45
2012 95410 1313.0 19
2012 95420 1326.0 33
2012 95430 1134.0 21
2012 95450 1468.0 28
2012 95600 803.0 9
2012 96100 1855.0 230
2012 96190 1538.0 35
2012 96200 1720.0 130
2012 96300 1730.0 74
2012 96400 1754.0 39
2012 96440 1124.0 36
2012 96460 1606.0 31
2012 96500 1108.0 112
2012 96600 1219.0 13
2012 96800 1665.0 9
2012 96900 2013.0 32
2012 96910 1395.0 20
2012 97700 691.0 19
2012 97900 668.0 7
2012 98100 802.0 18
2012 98120 595.0 9
2012 99100 1347.0 8
2012 99130 2131.0 14
2012 99600 1176.0 39
2013 00100 5646.0 62
2013 00120 6357.0 41
2013 00140 6660.0 40
2013 00150 6231.0 52
2013 00170 6106.0 33
2013 00180 5634.0 33
2013 00200 4970.0 77
2013 00210 4962.0 18
2013 00250 5317.0 51
2013 00260 5531.0 22
2013 00270 5428.0 30
2013 00280 4653.0 16
2013 00310 3664.0 8
2013 00320 4121.0 39
2013 00330 4850.0 28
2013 00350 4259.0 32
2013 00360 3364.0 7
2013 00370 3389.0 8
2013 00390 3028.0 14
2013 00400 3491.0 34
2013 00420 3007.0 36
2013 00440 3440.0 14
2013 00500 4767.0 87
2013 00510 4563.0 54
2013 00520 4419.0 22
2013 00530 4859.0 79
2013 00550 4312.0 25
2013 00560 5444.0 8
2013 00570 4556.0 6
2013 00610 4330.0 11
2013 00620 3453.0 11
2013 00630 3704.0 14
2013 00640 3130.0 31
2013 00650 3281.0 8
2013 00660 3274.0 10
2013 00670 3635.0 19
2013 00680 3577.0 8
2013 00700 3159.0 28
2013 00710 2585.0 37
2013 00720 2901.0 27
2013 00730 3266.0 25
2013 00740 2720.0 15
2013 00750 2624.0 8
2013 00760 3052.0 7
2013 00770 2134.0 7
2013 00780 2971.0 15
2013 00790 3840.0 8
2013 00800 3974.0 15
2013 00810 4222.0 11
2013 00820 2762.0 24
2013 00840 2940.0 31
2013 00900 2912.0 15
2013 00910 3349.0 18
2013 00920 2654.0 27
2013 00930 3405.0 6
2013 00940 2152.0 30
2013 00950 3714.0 7
2013 00960 2719.0 16
2013 00970 2414.0 22
2013 00980 3117.0 25
2013 00990 4066.0 21
2013 01150 2302.0 8
2013 01200 2190.0 25
2013 01230 2565.0 6
2013 01280 2544.0 32
2013 01300 2991.0 51
2013 01350 2481.0 13
2013 01360 2262.0 48
2013 01370 2584.0 10
2013 01390 2952.0 12
2013 01450 2543.0 41
2013 01480 2138.0 17
2013 01510 3685.0 14
2013 01520 3614.0 27
2013 01600 2669.0 57
2013 01610 2673.0 20
2013 01620 2404.0 41
2013 01630 3035.0 7
2013 01650 2073.0 11
2013 01670 2915.0 9
2013 01690 3291.0 7
2013 01710 2617.0 27
2013 01730 1813.0 7
2013 01800 2255.0 11
2013 01900 1990.0 13
2013 02100 4258.0 24
2013 02110 3973.0 12
2013 02120 4090.0 10
2013 02130 3658.0 10
2013 02160 3776.0 7
2013 02170 3753.0 14
2013 02180 3522.0 17
2013 02200 3622.0 22
2013 02210 3048.0 39
2013 02230 3301.0 40
2013 02260 2881.0 6
2013 02280 3437.0 8
2013 02320 2917.0 52
2013 02330 3566.0 11
2013 02340 3390.0 15
2013 02360 2428.0 25
2013 02400 2238.0 40
2013 02480 2562.0 10
2013 02600 3854.0 30
2013 02610 3697.0 8
2013 02620 2766.0 18
2013 02630 3144.0 10
2013 02650 3492.0 39
2013 02700 3405.0 14
2013 02710 2606.0 15
2013 02720 2633.0 6
2013 02750 3835.0 6
2013 02760 2649.0 35
2013 02770 2727.0 11
2013 02880 2413.0 8
2013 02940 2954.0 19
2013 03100 2145.0 50
2013 03400 1670.0 7
2013 03600 1531.0 13
2013 04130 2145.0 11
2013 04200 2541.0 22
2013 04220 2418.0 8
2013 04230 2154.0 19
2013 04250 2715.0 13
2013 04260 2023.0 15
2013 04300 2549.0 14
2013 04320 2292.0 20
2013 04340 2024.0 6
2013 04400 2577.0 31
2013 04410 2532.0 21
2013 04430 2687.0 19
2013 04440 2062.0 11
2013 04600 1874.0 29
2013 05460 2053.0 6
2013 05800 2126.0 46
2013 05830 2207.0 15
2013 05840 1975.0 14
2013 05880 1273.0 10
2013 05900 1630.0 7
2013 06100 2707.0 31
2013 06150 2052.0 10
2013 07900 1858.0 6
2013 08100 2241.0 37
2013 08200 1536.0 13
2013 08350 1722.0 9
2013 08500 1996.0 10
2013 08700 1752.0 21
2013 10300 1308.0 16
2013 10600 2191.0 13
2013 10650 1617.0 8
2013 10900 1334.0 19
2013 11100 1622.0 37
2013 11120 1559.0 16
2013 11130 1473.0 30
2013 12400 1255.0 14
2013 13100 2172.0 55
2013 13130 2055.0 28
2013 13200 2338.0 10
2013 13210 1967.0 22
2013 13500 1707.0 22
2013 13600 1619.0 11
2013 13720 2093.0 8
2013 14200 1473.0 20
2013 15100 2041.0 20
2013 15110 2618.0 13
2013 15140 2525.0 35
2013 15150 1737.0 13
2013 15170 1353.0 17
2013 15210 1427.0 10
2013 15240 1239.0 17
2013 15500 1212.0 17
2013 15520 1509.0 14
2013 15700 1487.0 6
2013 15830 1328.0 14
2013 15860 1267.0 8
2013 16300 1592.0 14
2013 16900 954.0 6
2013 17200 1086.0 8
2013 18130 781.0 6
2013 19650 989.0 9
2013 19700 1000.0 7
2013 20100 2756.0 123
2013 20200 2062.0 24
2013 20210 1252.0 17
2013 20240 1236.0 6
2013 20300 2018.0 20
2013 20320 1800.0 73
2013 20360 1454.0 34
2013 20460 1059.0 6
2013 20500 2710.0 40
2013 20520 2361.0 9
2013 20540 1753.0 35
2013 20610 1199.0 42
2013 20700 2475.0 30
2013 20720 1911.0 24
2013 20740 1721.0 30
2013 20750 1210.0 22
2013 20760 1884.0 10
2013 20780 2023.0 32
2013 20810 2517.0 68
2013 20880 1685.0 18
2013 20900 2241.0 6
2013 21100 2041.0 26
2013 21110 1827.0 21
2013 21200 1549.0 39
2013 21250 1752.0 7
2013 21420 1725.0 14
2013 21500 1742.0 11
2013 21530 1440.0 24
2013 21600 1498.0 13
2013 23100 1510.0 9
2013 23500 1120.0 34
2013 23800 978.0 20
2013 24100 1222.0 27
2013 24240 1614.0 6
2013 24260 1151.0 8
2013 24280 1388.0 10
2013 24800 1125.0 11
2013 26100 1584.0 59
2013 26200 1563.0 20
2013 26660 1291.0 13
2013 26820 1224.0 7
2013 27500 1305.0 6
2013 28100 2007.0 77
2013 28120 1344.0 12
2013 28130 1515.0 19
2013 28190 799.0 56
2013 28200 1489.0 7
2013 28300 1759.0 6
2013 28330 971.0 13
2013 28360 1276.0 12
2013 28370 981.0 8
2013 28400 1376.0 9
2013 28450 1358.0 11
2013 28600 1446.0 6
2013 29200 873.0 11
2013 30100 1284.0 23
2013 30300 785.0 9
2013 30420 1269.0 16
2013 31400 1228.0 7
2013 32200 1214.0 14
2013 32210 900.0 9
2013 32700 977.0 27
2013 32800 1024.0 8
2013 33100 2997.0 77
2013 33200 2921.0 28
2013 33210 2953.0 25
2013 33230 2847.0 24
2013 33240 2685.0 6
2013 33270 2609.0 23
2013 33300 1724.0 21
2013 33310 1539.0 23
2013 33330 1680.0 11
2013 33340 2039.0 16
2013 33400 2109.0 13
2013 33410 1607.0 19
2013 33430 1922.0 14
2013 33450 1999.0 6
2013 33470 1910.0 12
2013 33480 1985.0 10
2013 33500 2805.0 65
2013 33530 2031.0 17
2013 33540 2890.0 31
2013 33560 2150.0 37
2013 33580 2283.0 31
2013 33610 2176.0 15
2013 33710 2113.0 57
2013 33720 1854.0 66
2013 33800 2212.0 26
2013 33820 2068.0 17
2013 33840 1752.0 15
2013 33850 1368.0 11
2013 33880 1660.0 12
2013 33900 2374.0 27
2013 33950 2063.0 19
2013 33960 2244.0 27
2013 35300 1478.0 12
2013 35800 656.0 9
2013 36110 1936.0 8
2013 36200 1689.0 19
2013 36220 1693.0 22
2013 36240 1805.0 10
2013 37100 1825.0 24
2013 37120 1771.0 17
2013 37130 1723.0 7
2013 37150 1587.0 9
2013 37500 1627.0 10
2013 37550 1926.0 6
2013 37600 1248.0 28
2013 37630 1288.0 18
2013 37800 1271.0 20
2013 37830 900.0 8
2013 38200 1755.0 14
2013 38210 1126.0 8
2013 38700 1253.0 13
2013 38710 730.0 13
2013 39100 1586.0 6
2013 39200 1214.0 12
2013 39500 1417.0 13
2013 39700 1355.0 10
2013 40100 2593.0 54
2013 40200 2256.0 21
2013 40250 1838.0 21
2013 40270 1845.0 26
2013 40340 1198.0 27
2013 40400 1660.0 16
2013 40420 1630.0 17
2013 40500 1949.0 6
2013 40520 2051.0 44
2013 40530 1842.0 8
2013 40600 1968.0 8
2013 40640 1389.0 26
2013 40700 2408.0 19
2013 40720 2210.0 12
2013 40740 1507.0 16
2013 40800 1691.0 16
2013 40950 1634.0 12
2013 41160 1515.0 7
2013 41340 1445.0 8
2013 41400 954.0 10
2013 42100 1292.0 25
2013 42300 724.0 10
2013 42700 1038.0 24
2013 43100 971.0 6
2013 44100 1204.0 8
2013 44500 1206.0 10
2013 45100 1645.0 34
2013 45130 1418.0 13
2013 45150 1003.0 26
2013 45160 1085.0 20
2013 45200 1170.0 38
2013 45360 1356.0 8
2013 45610 1236.0 11
2013 45700 1075.0 34
2013 46800 834.0 10
2013 47400 1176.0 9
2013 48100 1651.0 66
2013 48200 1001.0 6
2013 48310 1930.0 12
2013 48350 828.0 15
2013 48400 1369.0 6
2013 48600 1320.0 24
2013 48700 995.0 8
2013 49400 1389.0 22
2013 53100 2311.0 54
2013 53200 1667.0 8
2013 53300 1542.0 20
2013 53600 2386.0 9
2013 53810 1395.0 16
2013 53850 1580.0 14
2013 53900 2424.0 18
2013 53920 1328.0 17
2013 53950 1382.0 7
2013 54100 1304.0 20
2013 55100 1315.0 30
2013 55120 1080.0 15
2013 55510 731.0 6
2013 55800 844.0 16
2013 56100 1326.0 6
2013 59100 1146.0 6
2013 60100 1789.0 51
2013 60120 1912.0 7
2013 60150 1248.0 9
2013 60200 1962.0 24
2013 60220 1865.0 7
2013 60320 1918.0 22
2013 60510 1910.0 19
2013 60550 1680.0 8
2013 60800 1564.0 8
2013 61300 1401.0 12
2013 61600 811.0 7
2013 61800 1292.0 13
2013 62100 1626.0 15
2013 62200 1016.0 11
2013 62900 1402.0 8
2013 63300 1054.0 7
2013 63700 1057.0 12
2013 65100 2337.0 74
2013 65200 1826.0 18
2013 65230 1707.0 8
2013 65280 1907.0 24
2013 65320 1658.0 16
2013 65350 1592.0 9
2013 65370 1137.0 14
2013 65380 1241.0 12
2013 65610 2016.0 18
2013 66400 1420.0 13
2013 67100 1950.0 43
2013 67200 1726.0 9
2013 68600 1223.0 16
2013 68620 1647.0 7
2013 68660 877.0 6
2013 70100 2506.0 69
2013 70110 2422.0 20
2013 70150 1931.0 14
2013 70200 1774.0 25
2013 70260 1887.0 12
2013 70280 1545.0 10
2013 70340 1397.0 11
2013 70420 1684.0 7
2013 70460 1476.0 20
2013 70500 1718.0 25
2013 70600 2262.0 23
2013 70700 1821.0 11
2013 70780 1778.0 18
2013 70820 1964.0 30
2013 70840 2531.0 8
2013 70910 1911.0 7
2013 71750 1200.0 6
2013 71800 1719.0 17
2013 73100 971.0 8
2013 73500 1128.0 7
2013 74100 1653.0 26
2013 74120 1385.0 9
2013 74130 1486.0 9
2013 75500 815.0 6
2013 77600 915.0 9
2013 78200 886.0 18
2013 78850 951.0 6
2013 78870 941.0 7
2013 80100 2318.0 35
2013 80110 2177.0 20
2013 80140 1892.0 15
2013 80160 1552.0 23
2013 80170 1901.0 7
2013 80200 2055.0 13
2013 80220 2258.0 7
2013 80230 1952.0 7
2013 80330 1853.0 6
2013 80710 1933.0 7
2013 81700 845.0 12
2013 81720 705.0 8
2013 82500 975.0 18
2013 82900 871.0 8
2013 83500 829.0 16
2013 83900 802.0 11
2013 84100 1516.0 41
2013 85410 943.0 8
2013 85500 1104.0 6
2013 85800 954.0 6
2013 86300 1010.0 14
2013 87100 1503.0 36
2013 87200 1548.0 16
2013 87400 1332.0 8
2013 87500 1158.0 24
2013 87700 1414.0 10
2013 88600 1540.0 14
2013 88900 1079.0 7
2013 90100 2155.0 23
2013 90120 2014.0 32
2013 90140 1903.0 9
2013 90150 1419.0 15
2013 90230 2005.0 23
2013 90240 1720.0 13
2013 90250 1393.0 20
2013 90420 1881.0 17
2013 90440 1755.0 18
2013 90450 1532.0 8
2013 90500 1659.0 29
2013 90520 1164.0 13
2013 90530 1725.0 14
2013 90540 1698.0 21
2013 90550 1368.0 10
2013 90560 1209.0 10
2013 90570 1373.0 13
2013 90580 1323.0 15
2013 90630 1715.0 10
2013 90650 1416.0 12
2013 90800 1445.0 9
2013 91500 1114.0 8
2013 92100 1582.0 17
2013 92130 1223.0 7
2013 93600 1488.0 28
2013 94100 1043.0 32
2013 95400 1906.0 11
2013 96100 2021.0 34
2013 96200 1578.0 23
2013 96300 1684.0 13
2013 96400 1591.0 8
2013 96460 1575.0 7
2013 96500 1149.0 20
2013 98100 878.0 7
2013 99600 1120.0 9
